 Note: the E(HOMO) of TCE used for evaluating nucleophilicity index is the value evaluated at B3LYP/6-31G* level
 
 Hirshfeld charges, condensed Fukui functions and condensed dual descriptors
 Units used below are "e" (elementary charge)
     Atom     q(N)    q(N+1)   q(N-1)     f-       f+       f0      CDD
     1(C )   0.0095  -0.0089   0.0180   0.0085   0.0184   0.0135   0.0099
     2(O )  -0.1506  -0.1771  -0.1345   0.0161   0.0265   0.0213   0.0103
     3(C )   0.0660  -0.0174   0.0947   0.0286   0.0834   0.0560   0.0548
     4(C )  -0.0177  -0.0995   0.0146   0.0323   0.0818   0.0571   0.0495
     5(C )  -0.0786  -0.1000  -0.0680   0.0105   0.0214   0.0160   0.0109
     6(C )   0.0311   0.0138   0.0551   0.0240   0.0173   0.0207  -0.0067
     7(C )  -0.1144  -0.1608  -0.0101   0.1043   0.0464   0.0754  -0.0578
     8(C )   0.0715   0.0558   0.0888   0.0174   0.0157   0.0165  -0.0017
     9(N )  -0.2448  -0.2826  -0.1259   0.1188   0.0378   0.0783  -0.0810
    10(C )   0.0197   0.0070   0.0370   0.0174   0.0127   0.0150  -0.0047
    11(C )  -0.0682  -0.0948  -0.0171   0.0511   0.0267   0.0389  -0.0244
    12(C )   0.0649   0.0372   0.0901   0.0252   0.0277   0.0265   0.0025
    13(C )  -0.0844  -0.1110  -0.0262   0.0582   0.0266   0.0424  -0.0316
    14(C )  -0.0657  -0.0849  -0.0411   0.0246   0.0192   0.0219  -0.0054
    15(C )  -0.0012  -0.0019   0.0278   0.0290   0.0006   0.0148  -0.0284
    16(N )   0.0251   0.0136   0.0318   0.0067   0.0115   0.0091   0.0048
    17(N )   0.0567   0.0157   0.0922   0.0354   0.0411   0.0383   0.0056
    18(C )   0.0102  -0.0919   0.0353   0.0250   0.1021   0.0636   0.0771
    19(C )  -0.0310  -0.0609   0.0167   0.0477   0.0299   0.0388  -0.0178
    20(C )  -0.0792  -0.0912  -0.0652   0.0140   0.0120   0.0130  -0.0020
    21(O )  -0.1471  -0.1624  -0.1287   0.0184   0.0154   0.0169  -0.0031
    22(C )   0.0068  -0.0008   0.0160   0.0092   0.0076   0.0084  -0.0016
    23(H )   0.0346   0.0231   0.0407   0.0061   0.0115   0.0088   0.0054
    24(H )   0.0338   0.0201   0.0401   0.0063   0.0137   0.0100   0.0075
    25(H )   0.0487   0.0223   0.0647   0.0160   0.0264   0.0212   0.0104
    26(H )   0.0393   0.0193   0.0558   0.0165   0.0199   0.0182   0.0034
    27(H )   0.0437   0.0174   0.0560   0.0123   0.0263   0.0193   0.0140
    28(H )   0.0407   0.0109   0.0555   0.0148   0.0299   0.0223   0.0151
    29(H )   0.0566   0.0300   0.0935   0.0370   0.0265   0.0317  -0.0104
    30(H )   0.0537   0.0352   0.0796   0.0259   0.0185   0.0222  -0.0074
    31(H )   0.0365   0.0201   0.0623   0.0258   0.0164   0.0211  -0.0094
    32(H )   0.0405   0.0325   0.0581   0.0175   0.0081   0.0128  -0.0095
    33(H )   0.0621   0.0209   0.0773   0.0152   0.0412   0.0282   0.0260
    34(H )   0.0387   0.0209   0.0513   0.0126   0.0178   0.0152   0.0052
    35(H )   0.0429   0.0249   0.0622   0.0193   0.0180   0.0187  -0.0013
    36(H )   0.0364   0.0190   0.0555   0.0192   0.0174   0.0183  -0.0018
    37(H )   0.0331   0.0264   0.0415   0.0084   0.0067   0.0076  -0.0017
    38(H )   0.0330   0.0263   0.0414   0.0084   0.0067   0.0075  -0.0017
    39(H )   0.0468   0.0337   0.0630   0.0162   0.0131   0.0147  -0.0031
 
 Condensed local electrophilicity/nucleophilicity index (e*eV)
     Atom              Electrophilicity          Nucleophilicity
     1(C )                  0.01224                  0.02726
     2(O )                  0.01759                  0.05143
     3(C )                  0.05545                  0.09134
     4(C )                  0.05440                  0.10305
     5(C )                  0.01425                  0.03368
     6(C )                  0.01150                  0.07674
     7(C )                  0.03087                  0.33292
     8(C )                  0.01042                  0.05539
     9(N )                  0.02515                  0.37934
    10(C )                  0.00844                  0.05543
    11(C )                  0.01775                  0.16298
    12(C )                  0.01841                  0.08052
    13(C )                  0.01768                  0.18573
    14(C )                  0.01279                  0.07854
    15(C )                  0.00042                  0.09261
    16(N )                  0.00764                  0.02149
    17(N )                  0.02731                  0.11316
    18(C )                  0.06789                  0.07987
    19(C )                  0.01989                  0.15230
    20(C )                  0.00798                  0.04463
    21(O )                  0.01022                  0.05882
    22(C )                  0.00505                  0.02941
    23(H )                  0.00764                  0.01941
    24(H )                  0.00914                  0.02006
    25(H )                  0.01755                  0.05113
    26(H )                  0.01325                  0.05283
    27(H )                  0.01749                  0.03925
    28(H )                  0.01986                  0.04718
    29(H )                  0.01762                  0.11798
    30(H )                  0.01230                  0.08269
    31(H )                  0.01089                  0.08244
    32(H )                  0.00536                  0.05602
    33(H )                  0.02736                  0.04846
    34(H )                  0.01181                  0.04026
    35(H )                  0.01197                  0.06162
    36(H )                  0.01155                  0.06115
    37(H )                  0.00447                  0.02678
    38(H )                  0.00446                  0.02676
    39(H )                  0.00873                  0.05170
 
 Condensed local softnesses (Hartree*e) and relative electrophilicity/nucleophilicity (dimensionless)
     Atom         s-          s+          s0        s+/s-       s-/s+
     1(C )      0.0329      0.0709      0.0519      2.1572      0.4636
     2(O )      0.0620      0.1019      0.0820      1.6420      0.6090
     3(C )      0.1102      0.3212      0.2157      2.9151      0.3430
     4(C )      0.1243      0.3151      0.2197      2.5351      0.3945
     5(C )      0.0406      0.0825      0.0616      2.0317      0.4922
     6(C )      0.0926      0.0666      0.0796      0.7194      1.3900
     7(C )      0.4016      0.1788      0.2902      0.4453      2.2457
     8(C )      0.0668      0.0604      0.0636      0.9037      1.1066
     9(N )      0.4576      0.1457      0.3016      0.3184      3.1405
    10(C )      0.0669      0.0489      0.0579      0.7316      1.3668
    11(C )      0.1966      0.1028      0.1497      0.5229      1.9125
    12(C )      0.0971      0.1066      0.1019      1.0980      0.9108
    13(C )      0.2240      0.1024      0.1632      0.4571      2.1877
    14(C )      0.0947      0.0741      0.0844      0.7821      1.2786
    15(C )      0.1117      0.0024      0.0571      0.0216     46.3184
    16(N )      0.0259      0.0442      0.0351      1.7063      0.5861
    17(N )      0.1365      0.1582      0.1474      1.1591      0.8628
    18(C )      0.0963      0.3932      0.2448      4.0818      0.2450
    19(C )      0.1837      0.1152      0.1495      0.6271      1.5946
    20(C )      0.0538      0.0462      0.0500      0.8582      1.1653
    21(O )      0.0710      0.0592      0.0651      0.8340      1.1991
    22(C )      0.0355      0.0293      0.0324      0.8246      1.2127
    23(H )      0.0234      0.0443      0.0338      1.8900      0.5291
    24(H )      0.0242      0.0529      0.0386      2.1870      0.4573
    25(H )      0.0617      0.1017      0.0817      1.6487      0.6065
    26(H )      0.0637      0.0767      0.0702      1.2041      0.8305
    27(H )      0.0473      0.1013      0.0743      2.1398      0.4673
    28(H )      0.0569      0.1151      0.0860      2.0217      0.4946
    29(H )      0.1423      0.1021      0.1222      0.7174      1.3940
    30(H )      0.0997      0.0713      0.0855      0.7144      1.3998
    31(H )      0.0994      0.0631      0.0813      0.6343      1.5767
    32(H )      0.0676      0.0311      0.0493      0.4598      2.1747
    33(H )      0.0585      0.1585      0.1085      2.7107      0.3689
    34(H )      0.0486      0.0684      0.0585      1.4087      0.7099
    35(H )      0.0743      0.0694      0.0718      0.9331      1.0717
    36(H )      0.0738      0.0669      0.0703      0.9073      1.1021
    37(H )      0.0323      0.0259      0.0291      0.8020      1.2468
    38(H )      0.0323      0.0258      0.0291      0.7996      1.2506
    39(H )      0.0624      0.0506      0.0565      0.8107      1.2336
 
 E(N):     -972.286187 Hartree
 E(N+1):   -972.268991 Hartree
 E(N-1):   -972.043707 Hartree
 E_HOMO(N):     -0.217878 Hartree,   -5.9288 eV
 E_HOMO(N+1):    0.039426 Hartree,    1.0728 eV
 E_HOMO(N-1):   -0.381290 Hartree,  -10.3754 eV
 Vertical IP:    0.242480 Hartree,    6.5982 eV
 Vertical EA:   -0.017195 Hartree,   -0.4679 eV
 Mulliken electronegativity:     0.112642 Hartree,    3.0652 eV
 Chemical potential:            -0.112642 Hartree,   -3.0652 eV
 Hardness (=fundamental gap):    0.259675 Hartree,    7.0661 eV
 Softness:    3.850967 Hartree^-1,    0.1415 eV^-1
 Electrophilicity index:    0.024431 Hartree,    0.6648 eV
 Nucleophilicity index:     0.117320 Hartree,    3.1924 eV
