 Note: the E(HOMO) of TCE used for evaluating nucleophilicity index is the value evaluated at B3LYP/6-31G* level
 
 Hirshfeld charges, condensed Fukui functions and condensed dual descriptors
 Units used below are "e" (elementary charge)
     Atom     q(N)    q(N+1)   q(N-1)     f-       f+       f0      CDD
     1(C )   0.0078   0.0009   0.0194   0.0116   0.0069   0.0093  -0.0047
     2(O )  -0.1475  -0.1596  -0.1068   0.0406   0.0122   0.0264  -0.0285
     3(C )   0.0663   0.0445   0.1074   0.0411   0.0219   0.0315  -0.0192
     4(C )  -0.0721  -0.1044  -0.0199   0.0521   0.0323   0.0422  -0.0199
     5(C )  -0.0525  -0.0756  -0.0285   0.0240   0.0232   0.0236  -0.0008
     6(C )   0.0131   0.0068   0.0604   0.0472   0.0063   0.0268  -0.0410
     7(N )  -0.0661  -0.0849  -0.0498   0.0163   0.0188   0.0176   0.0025
     8(C )   0.1413   0.1301   0.1536   0.0123   0.0112   0.0117  -0.0011
     9(N )  -0.2045  -0.2391  -0.1766   0.0280   0.0346   0.0313   0.0066
    10(C )   0.0148   0.0087   0.0420   0.0272   0.0061   0.0166  -0.0211
    11(C )  -0.0651  -0.0884  -0.0448   0.0203   0.0233   0.0218   0.0030
    12(N )   0.0159  -0.0207   0.0445   0.0286   0.0367   0.0326   0.0081
    13(C )   0.0229  -0.0403   0.0453   0.0224   0.0632   0.0428   0.0407
    14(C )  -0.0219  -0.0473   0.0236   0.0454   0.0255   0.0355  -0.0200
    15(C )  -0.0763  -0.0878  -0.0630   0.0133   0.0115   0.0124  -0.0018
    16(C )   0.0865   0.0018   0.1059   0.0195   0.0847   0.0521   0.0652
    17(O )  -0.1438  -0.1719  -0.1301   0.0137   0.0281   0.0209   0.0145
    18(C )   0.0131  -0.0047   0.0204   0.0073   0.0177   0.0125   0.0105
    19(C )  -0.0184  -0.0515   0.0091   0.0275   0.0330   0.0303   0.0055
    20(C )  -0.0896  -0.1023  -0.0788   0.0107   0.0128   0.0118   0.0020
    21(C )   0.0551  -0.0087   0.0606   0.0056   0.0638   0.0347   0.0582
    22(S )  -0.2536  -0.4178  -0.0142   0.2394   0.1643   0.2018  -0.0751
    23(H )   0.0345   0.0280   0.0466   0.0122   0.0065   0.0093  -0.0057
    24(H )   0.0477   0.0358   0.0651   0.0174   0.0119   0.0146  -0.0055
    25(H )   0.0345   0.0280   0.0467   0.0122   0.0065   0.0093  -0.0057
    26(H )   0.0400   0.0222   0.0641   0.0241   0.0178   0.0209  -0.0063
    27(H )   0.0514   0.0372   0.0705   0.0191   0.0142   0.0167  -0.0049
    28(H )   0.1029   0.0908   0.1156   0.0127   0.0121   0.0124  -0.0006
    29(H )   0.0538   0.0389   0.0734   0.0196   0.0149   0.0173  -0.0047
    30(H )   0.0543   0.0262   0.0684   0.0141   0.0282   0.0211   0.0141
    31(H )   0.0437   0.0278   0.0553   0.0116   0.0159   0.0138   0.0044
    32(H )   0.0380   0.0218   0.0562   0.0182   0.0162   0.0172  -0.0019
    33(H )   0.0440   0.0271   0.0624   0.0184   0.0169   0.0177  -0.0015
    34(H )   0.0359   0.0229   0.0416   0.0057   0.0130   0.0093   0.0073
    35(H )   0.0380   0.0272   0.0425   0.0045   0.0108   0.0076   0.0062
    36(H )   0.0509   0.0265   0.0653   0.0144   0.0245   0.0194   0.0101
    37(H )   0.0363   0.0183   0.0495   0.0132   0.0180   0.0156   0.0048
    38(H )   0.0373   0.0202   0.0489   0.0116   0.0171   0.0143   0.0055
    39(H )   0.0314   0.0137   0.0484   0.0169   0.0177   0.0173   0.0008
 
 Condensed local electrophilicity/nucleophilicity index (e*eV)
     Atom              Electrophilicity          Nucleophilicity
     1(C )                  0.00750                  0.02709
     2(O )                  0.01320                  0.09500
     3(C )                  0.02374                  0.09604
     4(C )                  0.03499                  0.12190
     5(C )                  0.02510                  0.05601
     6(C )                  0.00679                  0.11046
     7(N )                  0.02039                  0.03817
     8(C )                  0.01211                  0.02879
     9(N )                  0.03751                  0.06542
    10(C )                  0.00662                  0.06353
    11(C )                  0.02532                  0.04754
    12(N )                  0.03977                  0.06682
    13(C )                  0.06848                  0.05243
    14(C )                  0.02761                  0.10624
    15(C )                  0.01244                  0.03107
    16(C )                  0.09180                  0.04549
    17(O )                  0.03052                  0.03192
    18(C )                  0.01923                  0.01701
    19(C )                  0.03583                  0.06431
    20(C )                  0.01384                  0.02511
    21(C )                  0.06914                  0.01302
    22(S )                  0.17810                  0.55963
    23(H )                  0.00701                  0.02843
    24(H )                  0.01288                  0.04065
    25(H )                  0.00705                  0.02850
    26(H )                  0.01928                  0.05638
    27(H )                  0.01542                  0.04474
    28(H )                  0.01309                  0.02971
    29(H )                  0.01619                  0.04579
    30(H )                  0.03053                  0.03291
    31(H )                  0.01729                  0.02709
    32(H )                  0.01761                  0.04250
    33(H )                  0.01836                  0.04305
    34(H )                  0.01406                  0.01335
    35(H )                  0.01166                  0.01056
    36(H )                  0.02652                  0.03361
    37(H )                  0.01950                  0.03087
    38(H )                  0.01850                  0.02714
    39(H )                  0.01922                  0.03962
 
 Condensed local softnesses (Hartree*e) and relative electrophilicity/nucleophilicity (dimensionless)
     Atom         s-          s+          s0        s+/s-       s-/s+
     1(C )      0.0445      0.0266      0.0356      0.5972      1.6745
     2(O )      0.1562      0.0468      0.1015      0.2996      3.3374
     3(C )      0.1579      0.0842      0.1211      0.5330      1.8762
     4(C )      0.2004      0.1241      0.1623      0.6190      1.6155
     5(C )      0.0921      0.0890      0.0906      0.9662      1.0349
     6(C )      0.1816      0.0241      0.1029      0.1326      7.5390
     7(N )      0.0628      0.0723      0.0675      1.1523      0.8678
     8(C )      0.0473      0.0429      0.0451      0.9069      1.1026
     9(N )      0.1076      0.1330      0.1203      1.2365      0.8087
    10(C )      0.1045      0.0235      0.0640      0.2247      4.4497
    11(C )      0.0782      0.0898      0.0840      1.1482      0.8710
    12(N )      0.1099      0.1410      0.1255      1.2834      0.7792
    13(C )      0.0862      0.2428      0.1645      2.8168      0.3550
    14(C )      0.1747      0.0979      0.1363      0.5605      1.7842
    15(C )      0.0511      0.0441      0.0476      0.8635      1.1581
    16(C )      0.0748      0.3255      0.2001      4.3512      0.2298
    17(O )      0.0525      0.1082      0.0803      2.0617      0.4850
    18(C )      0.0280      0.0682      0.0481      2.4385      0.4101
    19(C )      0.1057      0.1270      0.1164      1.2012      0.8325
    20(C )      0.0413      0.0491      0.0452      1.1889      0.8411
    21(C )      0.0214      0.2452      0.1333     11.4524      0.0873
    22(S )      0.9202      0.6315      0.7759      0.6862      1.4572
    23(H )      0.0468      0.0249      0.0358      0.5317      1.8809
    24(H )      0.0668      0.0457      0.0563      0.6835      1.4631
    25(H )      0.0469      0.0250      0.0359      0.5333      1.8751
    26(H )      0.0927      0.0684      0.0805      0.7374      1.3561
    27(H )      0.0736      0.0547      0.0641      0.7433      1.3453
    28(H )      0.0489      0.0464      0.0476      0.9502      1.0525
    29(H )      0.0753      0.0574      0.0663      0.7622      1.3120
    30(H )      0.0541      0.1083      0.0812      2.0005      0.4999
    31(H )      0.0446      0.0613      0.0529      1.3757      0.7269
    32(H )      0.0699      0.0625      0.0662      0.8936      1.1191
    33(H )      0.0708      0.0651      0.0679      0.9194      1.0877
    34(H )      0.0220      0.0499      0.0359      2.2711      0.4403
    35(H )      0.0174      0.0413      0.0294      2.3792      0.4203
    36(H )      0.0553      0.0940      0.0746      1.7012      0.5878
    37(H )      0.0508      0.0691      0.0599      1.3618      0.7343
    38(H )      0.0446      0.0656      0.0551      1.4698      0.6804
    39(H )      0.0651      0.0682      0.0666      1.0462      0.9559
 
 E(N):    -1332.409068 Hartree
 E(N+1):  -1332.422982 Hartree
 E(N-1):  -1332.135035 Hartree
 E_HOMO(N):     -0.249281 Hartree,   -6.7833 eV
 E_HOMO(N+1):    0.008803 Hartree,    0.2395 eV
 E_HOMO(N-1):   -0.367250 Hartree,   -9.9934 eV
 Vertical IP:    0.274033 Hartree,    7.4568 eV
 Vertical EA:    0.013914 Hartree,    0.3786 eV
 Mulliken electronegativity:     0.143974 Hartree,    3.9177 eV
 Chemical potential:            -0.143974 Hartree,   -3.9177 eV
 Hardness (=fundamental gap):    0.260119 Hartree,    7.0782 eV
 Softness:    3.844398 Hartree^-1,    0.1413 eV^-1
 Electrophilicity index:    0.039844 Hartree,    1.0842 eV
 Nucleophilicity index:     0.085917 Hartree,    2.3379 eV
