 Note: the E(HOMO) of TCE used for evaluating nucleophilicity index is the value evaluated at B3LYP/6-31G* level
 
 Hirshfeld charges, condensed Fukui functions and condensed dual descriptors
 Units used below are "e" (elementary charge)
     Atom     q(N)    q(N+1)   q(N-1)     f-       f+       f0      CDD
     1(C )   0.0071  -0.0003   0.0204   0.0132   0.0075   0.0104  -0.0057
     2(O )  -0.1513  -0.1618  -0.1092   0.0421   0.0106   0.0263  -0.0315
     3(C )   0.0611   0.0383   0.1151   0.0541   0.0228   0.0384  -0.0313
     4(C )  -0.0781  -0.1130  -0.0472   0.0309   0.0349   0.0329   0.0040
     5(C )  -0.0466  -0.0792   0.0038   0.0504   0.0326   0.0415  -0.0177
     6(C )   0.0068  -0.0060   0.0322   0.0254   0.0127   0.0191  -0.0127
     7(N )  -0.2447  -0.2849  -0.1376   0.1071   0.0401   0.0736  -0.0669
     8(C )   0.0692   0.0546   0.0894   0.0201   0.0146   0.0174  -0.0055
     9(C )  -0.1156  -0.1631  -0.0286   0.0871   0.0474   0.0673  -0.0396
    10(C )   0.0311   0.0123   0.0565   0.0255   0.0188   0.0221  -0.0067
    11(N )   0.0551   0.0151   0.0863   0.0312   0.0401   0.0356   0.0089
    12(C )   0.0116  -0.0872   0.0318   0.0202   0.0988   0.0595   0.0786
    13(C )  -0.0318  -0.0608   0.0115   0.0434   0.0290   0.0362  -0.0144
    14(C )  -0.0792  -0.0910  -0.0663   0.0129   0.0118   0.0123  -0.0011
    15(C )   0.0666  -0.0168   0.0943   0.0277   0.0834   0.0556   0.0557
    16(O )  -0.1506  -0.1770  -0.1352   0.0154   0.0264   0.0209   0.0110
    17(C )   0.0095  -0.0088   0.0177   0.0082   0.0183   0.0132   0.0101
    18(C )  -0.0184  -0.0973   0.0099   0.0283   0.0789   0.0536   0.0506
    19(C )  -0.0788  -0.0996  -0.0690   0.0098   0.0208   0.0153   0.0110
    20(N )   0.0255   0.0160   0.0325   0.0070   0.0095   0.0083   0.0025
    21(C )   0.0117   0.0082   0.0439   0.0322   0.0034   0.0178  -0.0288
    22(C )  -0.0852  -0.1029  -0.0546   0.0306   0.0176   0.0241  -0.0130
    23(H )   0.0348   0.0270   0.0489   0.0141   0.0077   0.0109  -0.0064
    24(H )   0.0462   0.0340   0.0646   0.0184   0.0121   0.0153  -0.0063
    25(H )   0.0347   0.0270   0.0488   0.0141   0.0077   0.0109  -0.0064
    26(H )   0.0380   0.0180   0.0608   0.0229   0.0199   0.0214  -0.0029
    27(H )   0.0515   0.0312   0.0792   0.0276   0.0204   0.0240  -0.0073
    28(H )   0.0559   0.0293   0.0893   0.0334   0.0266   0.0300  -0.0068
    29(H )   0.0633   0.0235   0.0757   0.0124   0.0398   0.0261   0.0274
    30(H )   0.0393   0.0219   0.0505   0.0112   0.0174   0.0143   0.0062
    31(H )   0.0426   0.0249   0.0606   0.0180   0.0177   0.0179  -0.0003
    32(H )   0.0360   0.0189   0.0538   0.0178   0.0171   0.0175  -0.0008
    33(H )   0.0345   0.0230   0.0403   0.0059   0.0114   0.0087   0.0056
    34(H )   0.0339   0.0203   0.0397   0.0058   0.0136   0.0097   0.0078
    35(H )   0.0486   0.0224   0.0638   0.0153   0.0262   0.0207   0.0109
    36(H )   0.0391   0.0195   0.0547   0.0155   0.0196   0.0176   0.0041
    37(H )   0.0434   0.0178   0.0549   0.0115   0.0256   0.0185   0.0141
    38(H )   0.0404   0.0115   0.0541   0.0137   0.0289   0.0213   0.0153
    39(H )   0.0430   0.0349   0.0626   0.0196   0.0081   0.0139  -0.0115
 
 Condensed local electrophilicity/nucleophilicity index (e*eV)
     Atom              Electrophilicity          Nucleophilicity
     1(C )                  0.00474                  0.04510
     2(O )                  0.00670                  0.14361
     3(C )                  0.01442                  0.18448
     4(C )                  0.02208                  0.10554
     5(C )                  0.02064                  0.17186
     6(C )                  0.00805                  0.08666
     7(N )                  0.02540                  0.36545
     8(C )                  0.00927                  0.06871
     9(C )                  0.03002                  0.29717
    10(C )                  0.01187                  0.08687
    11(N )                  0.02536                  0.10644
    12(C )                  0.06253                  0.06900
    13(C )                  0.01832                  0.14801
    14(C )                  0.00744                  0.04394
    15(C )                  0.05280                  0.09447
    16(O )                  0.01671                  0.05242
    17(C )                  0.01159                  0.02787
    18(C )                  0.04993                  0.09668
    19(C )                  0.01315                  0.03353
    20(N )                  0.00602                  0.02397
    21(C )                  0.00218                  0.11001
    22(C )                  0.01117                  0.10448
    23(H )                  0.00490                  0.04827
    24(H )                  0.00768                  0.06287
    25(H )                  0.00488                  0.04824
    26(H )                  0.01262                  0.07798
    27(H )                  0.01288                  0.09430
    28(H )                  0.01682                  0.11408
    29(H )                  0.02518                  0.04237
    30(H )                  0.01102                  0.03816
    31(H )                  0.01121                  0.06158
    32(H )                  0.01081                  0.06088
    33(H )                  0.00724                  0.02008
    34(H )                  0.00859                  0.01986
    35(H )                  0.01658                  0.05208
    36(H )                  0.01242                  0.05307
    37(H )                  0.01620                  0.03923
    38(H )                  0.01831                  0.04659
    39(H )                  0.00514                  0.06690
 
 Condensed local softnesses (Hartree*e) and relative electrophilicity/nucleophilicity (dimensionless)
     Atom         s-          s+          s0        s+/s-       s-/s+
     1(C )      0.0524      0.0297      0.0411      0.5667      1.7645
     2(O )      0.1669      0.0420      0.1045      0.2514      3.9771
     3(C )      0.2144      0.0904      0.1524      0.4216      2.3717
     4(C )      0.1227      0.1384      0.1305      1.1282      0.8864
     5(C )      0.1998      0.1294      0.1646      0.6477      1.5438
     6(C )      0.1007      0.0505      0.0756      0.5011      1.9956
     7(N )      0.4248      0.1592      0.2920      0.3748      2.6681
     8(C )      0.0799      0.0581      0.0690      0.7275      1.3746
     9(C )      0.3454      0.1882      0.2668      0.5448      1.8356
    10(C )      0.1010      0.0744      0.0877      0.7369      1.3570
    11(N )      0.1237      0.1590      0.1414      1.2849      0.7783
    12(C )      0.0802      0.3919      0.2361      4.8865      0.2046
    13(C )      0.1721      0.1149      0.1435      0.6676      1.4980
    14(C )      0.0511      0.0466      0.0488      0.9128      1.0955
    15(C )      0.1098      0.3310      0.2204      3.0139      0.3318
    16(O )      0.0609      0.1047      0.0828      1.7191      0.5817
    17(C )      0.0324      0.0726      0.0525      2.2416      0.4461
    18(C )      0.1124      0.3130      0.2127      2.7849      0.3591
    19(C )      0.0390      0.0824      0.0607      2.1149      0.4728
    20(N )      0.0279      0.0377      0.0328      1.3534      0.7389
    21(C )      0.1279      0.0136      0.0708      0.1066      9.3788
    22(C )      0.1215      0.0700      0.0957      0.5764      1.7350
    23(H )      0.0561      0.0307      0.0434      0.5469      1.8285
    24(H )      0.0731      0.0482      0.0606      0.6591      1.5172
    25(H )      0.0561      0.0306      0.0433      0.5454      1.8334
    26(H )      0.0906      0.0791      0.0849      0.8725      1.1461
    27(H )      0.1096      0.0808      0.0952      0.7367      1.3573
    28(H )      0.1326      0.1055      0.1190      0.7952      1.2575
    29(H )      0.0492      0.1579      0.1036      3.2055      0.3120
    30(H )      0.0444      0.0691      0.0567      1.5575      0.6421
    31(H )      0.0716      0.0703      0.0709      0.9817      1.0186
    32(H )      0.0708      0.0677      0.0693      0.9570      1.0449
    33(H )      0.0233      0.0454      0.0344      1.9440      0.5144
    34(H )      0.0231      0.0539      0.0385      2.3324      0.4287
    35(H )      0.0605      0.1039      0.0822      1.7166      0.5825
    36(H )      0.0617      0.0779      0.0698      1.2626      0.7920
    37(H )      0.0456      0.1016      0.0736      2.2272      0.4490
    38(H )      0.0542      0.1148      0.0845      2.1195      0.4718
    39(H )      0.0778      0.0322      0.0550      0.4145      2.4124
 
 E(N):     -972.286403 Hartree
 E(N+1):   -972.268650 Hartree
 E(N-1):   -972.052085 Hartree
 E_HOMO(N):     -0.209781 Hartree,   -5.7084 eV
 E_HOMO(N+1):    0.040147 Hartree,    1.0924 eV
 E_HOMO(N-1):   -0.374687 Hartree,  -10.1957 eV
 Vertical IP:    0.234319 Hartree,    6.3761 eV
 Vertical EA:   -0.017754 Hartree,   -0.4831 eV
 Mulliken electronegativity:     0.108283 Hartree,    2.9465 eV
 Chemical potential:            -0.108283 Hartree,   -2.9465 eV
 Hardness (=fundamental gap):    0.252072 Hartree,    6.8592 eV
 Softness:    3.967114 Hartree^-1,    0.1458 eV^-1
 Electrophilicity index:    0.023257 Hartree,    0.6329 eV
 Nucleophilicity index:     0.125417 Hartree,    3.4128 eV
