 Note: the E(HOMO) of TCE used for evaluating nucleophilicity index is the value evaluated at B3LYP/6-31G* level
 
 Hirshfeld charges, condensed Fukui functions and condensed dual descriptors
 Units used below are "e" (elementary charge)
     Atom     q(N)    q(N+1)   q(N-1)     f-       f+       f0      CDD
     1(S )   0.3290   0.2614   0.3860   0.0570   0.0676   0.0623   0.0106
     2(O )  -0.1501  -0.1630  -0.1450   0.0052   0.0129   0.0090   0.0077
     3(O )  -0.3858  -0.4312  -0.3404   0.0454   0.0454   0.0454  -0.0000
     4(O )  -0.1412  -0.1598  -0.0573   0.0840   0.0186   0.0513  -0.0654
     5(N )  -0.0565  -0.0794  -0.0342   0.0222   0.0229   0.0226   0.0007
     6(N )  -0.2031  -0.2452  -0.1536   0.0494   0.0421   0.0458  -0.0073
     7(N )  -0.1626  -0.2066  -0.1580   0.0046   0.0440   0.0243   0.0394
     8(C )  -0.0561  -0.0876  -0.0361   0.0201   0.0314   0.0257   0.0114
     9(C )   0.0382  -0.0100   0.0318  -0.0064   0.0482   0.0209   0.0546
    10(C )  -0.0193  -0.0419  -0.0170   0.0024   0.0225   0.0124   0.0201
    11(C )   0.0598   0.0194   0.1153   0.0555   0.0405   0.0480  -0.0150
    12(C )   0.0242   0.0147   0.0718   0.0476   0.0095   0.0286  -0.0380
    13(C )   0.0759   0.0458   0.0833   0.0074   0.0301   0.0187   0.0227
    14(C )   0.0018  -0.0061   0.0769   0.0751   0.0079   0.0415  -0.0672
    15(C )  -0.0156  -0.0712   0.0006   0.0162   0.0555   0.0359   0.0393
    16(C )  -0.0831  -0.0915  -0.0818   0.0013   0.0083   0.0048   0.0070
    17(C )  -0.0871  -0.1203  -0.0377   0.0494   0.0332   0.0413  -0.0162
    18(C )   0.0129  -0.0158   0.0251   0.0122   0.0287   0.0205   0.0165
    19(C )  -0.0386  -0.0829   0.0039   0.0425   0.0443   0.0434   0.0018
    20(C )   0.0731   0.0398   0.1445   0.0715   0.0333   0.0524  -0.0381
    21(C )  -0.0640  -0.0999  -0.0059   0.0581   0.0360   0.0470  -0.0221
    22(C )  -0.0802  -0.0965  -0.0744   0.0058   0.0163   0.0110   0.0105
    23(C )   0.0100   0.0012   0.0133   0.0034   0.0088   0.0061   0.0054
    24(C )   0.0092   0.0009   0.0299   0.0207   0.0084   0.0145  -0.0124
    25(H )   0.0435   0.0272   0.0484   0.0049   0.0163   0.0106   0.0114
    26(H )   0.0563   0.0367   0.0680   0.0117   0.0196   0.0156   0.0079
    27(H )   0.1515   0.1369   0.1714   0.0199   0.0146   0.0172  -0.0053
    28(H )   0.0327   0.0283   0.0248  -0.0079   0.0044  -0.0018   0.0122
    29(H )   0.0386   0.0234   0.0473   0.0088   0.0152   0.0120   0.0064
    30(H )   0.0399   0.0261   0.0426   0.0027   0.0138   0.0083   0.0111
    31(H )   0.0430   0.0249   0.0722   0.0292   0.0181   0.0236  -0.0111
    32(H )   0.0443   0.0206   0.0545   0.0102   0.0237   0.0170   0.0135
    33(H )   0.0549   0.0331   0.0867   0.0318   0.0217   0.0268  -0.0101
    34(H )   0.0489   0.0266   0.0825   0.0337   0.0223   0.0280  -0.0114
    35(H )   0.0391   0.0235   0.0459   0.0068   0.0156   0.0112   0.0088
    36(H )   0.0364   0.0152   0.0446   0.0082   0.0212   0.0147   0.0130
    37(H )   0.0425   0.0227   0.0496   0.0071   0.0198   0.0135   0.0127
    38(H )   0.0487   0.0325   0.0559   0.0072   0.0161   0.0117   0.0089
    39(H )   0.0338   0.0287   0.0336  -0.0002   0.0050   0.0024   0.0052
    40(H )   0.0343   0.0265   0.0389   0.0046   0.0078   0.0062   0.0033
    41(H )   0.0357   0.0288   0.0580   0.0223   0.0070   0.0146  -0.0154
    42(H )   0.0497   0.0356   0.0758   0.0261   0.0141   0.0201  -0.0119
    43(H )   0.0359   0.0285   0.0583   0.0224   0.0073   0.0149  -0.0151
 
 Condensed local electrophilicity/nucleophilicity index (e*eV)
     Atom              Electrophilicity          Nucleophilicity
     1(S )                  0.04853                  0.12167
     2(O )                  0.00925                  0.01106
     3(O )                  0.03257                  0.09691
     4(O )                  0.01333                  0.17917
     5(N )                  0.01645                  0.04748
     6(N )                  0.03022                  0.10546
     7(N )                  0.03162                  0.00984
     8(C )                  0.02257                  0.04280
     9(C )                  0.03459                 -0.01367
    10(C )                  0.01616                  0.00508
    11(C )                  0.02906                  0.11840
    12(C )                  0.00685                  0.10152
    13(C )                  0.02158                  0.01575
    14(C )                  0.00564                  0.16026
    15(C )                  0.03986                  0.03463
    16(C )                  0.00599                  0.00283
    17(C )                  0.02383                  0.10540
    18(C )                  0.02062                  0.02601
    19(C )                  0.03181                  0.09076
    20(C )                  0.02391                  0.15248
    21(C )                  0.02581                  0.12389
    22(C )                  0.01171                  0.01233
    23(C )                  0.00629                  0.00716
    24(C )                  0.00600                  0.04420
    25(H )                  0.01172                  0.01045
    26(H )                  0.01406                  0.02499
    27(H )                  0.01047                  0.04243
    28(H )                  0.00313                 -0.01679
    29(H )                  0.01091                  0.01871
    30(H )                  0.00990                  0.00585
    31(H )                  0.01298                  0.06233
    32(H )                  0.01702                  0.02175
    33(H )                  0.01560                  0.06785
    34(H )                  0.01600                  0.07181
    35(H )                  0.01119                  0.01455
    36(H )                  0.01520                  0.01752
    37(H )                  0.01425                  0.01522
    38(H )                  0.01156                  0.01540
    39(H )                  0.00362                 -0.00033
    40(H )                  0.00562                  0.00974
    41(H )                  0.00500                  0.04763
    42(H )                  0.01015                  0.05563
    43(H )                  0.00526                  0.04787
 
 Condensed local softnesses (Hartree*e) and relative electrophilicity/nucleophilicity (dimensionless)
     Atom         s-          s+          s0        s+/s-       s-/s+
     1(S )      0.1834      0.2175      0.2004      1.1857      0.8434
     2(O )      0.0167      0.0414      0.0291      2.4857      0.4023
     3(O )      0.1461      0.1459      0.1460      0.9992      1.0008
     4(O )      0.2701      0.0597      0.1649      0.2211      4.5227
     5(N )      0.0716      0.0737      0.0726      1.0298      0.9711
     6(N )      0.1590      0.1354      0.1472      0.8518      1.1740
     7(N )      0.0148      0.1417      0.0783      9.5571      0.1046
     8(C )      0.0645      0.1011      0.0828      1.5679      0.6378
     9(C )     -0.0206      0.1550      0.0672     -7.5254     -0.1329
    10(C )      0.0077      0.0724      0.0400      9.4492      0.1058
    11(C )      0.1785      0.1302      0.1543      0.7295      1.3708
    12(C )      0.1530      0.0307      0.0919      0.2007      4.9833
    13(C )      0.0237      0.0967      0.0602      4.0749      0.2454
    14(C )      0.2416      0.0253      0.1334      0.1047      9.5526
    15(C )      0.0522      0.1786      0.1154      3.4212      0.2923
    16(C )      0.0043      0.0268      0.0156      6.2863      0.1591
    17(C )      0.1589      0.1068      0.1328      0.6720      1.4881
    18(C )      0.0392      0.0924      0.0658      2.3566      0.4243
    19(C )      0.1368      0.1425      0.1397      1.0419      0.9598
    20(C )      0.2298      0.1071      0.1685      0.4661      2.1456
    21(C )      0.1867      0.1157      0.1512      0.6194      1.6145
    22(C )      0.0186      0.0525      0.0355      2.8239      0.3541
    23(C )      0.0108      0.0282      0.0195      2.6084      0.3834
    24(C )      0.0666      0.0269      0.0468      0.4035      2.4782
    25(H )      0.0157      0.0525      0.0341      3.3348      0.2999
    26(H )      0.0377      0.0630      0.0503      1.6722      0.5980
    27(H )      0.0640      0.0469      0.0554      0.7336      1.3631
    28(H )     -0.0253      0.0140     -0.0056     -0.5541     -1.8048
    29(H )      0.0282      0.0489      0.0385      1.7334      0.5769
    30(H )      0.0088      0.0444      0.0266      5.0342      0.1986
    31(H )      0.0940      0.0581      0.0760      0.6188      1.6159
    32(H )      0.0328      0.0763      0.0545      2.3267      0.4298
    33(H )      0.1023      0.0699      0.0861      0.6834      1.4633
    34(H )      0.1082      0.0717      0.0900      0.6625      1.5095
    35(H )      0.0219      0.0502      0.0360      2.2867      0.4373
    36(H )      0.0264      0.0681      0.0473      2.5787      0.3878
    37(H )      0.0229      0.0638      0.0434      2.7815      0.3595
    38(H )      0.0232      0.0518      0.0375      2.2312      0.4482
    39(H )     -0.0005      0.0162      0.0079    -32.5425     -0.0307
    40(H )      0.0147      0.0252      0.0199      1.7149      0.5831
    41(H )      0.0718      0.0224      0.0471      0.3118      3.2076
    42(H )      0.0839      0.0455      0.0647      0.5425      1.8432
    43(H )      0.0722      0.0236      0.0479      0.3265      3.0627
 
 E(N):    -1446.842098 Hartree
 E(N+1):  -1446.814731 Hartree
 E(N-1):  -1446.558580 Hartree
 E_HOMO(N):     -0.256774 Hartree,   -6.9872 eV
 E_HOMO(N+1):    0.051059 Hartree,    1.3894 eV
 E_HOMO(N-1):   -0.383523 Hartree,  -10.4362 eV
 Vertical IP:    0.283517 Hartree,    7.7149 eV
 Vertical EA:   -0.027367 Hartree,   -0.7447 eV
 Mulliken electronegativity:     0.128075 Hartree,    3.4851 eV
 Chemical potential:            -0.128075 Hartree,   -3.4851 eV
 Hardness (=fundamental gap):    0.310884 Hartree,    8.4596 eV
 Softness:    3.216633 Hartree^-1,    0.1182 eV^-1
 Electrophilicity index:    0.026382 Hartree,    0.7179 eV
 Nucleophilicity index:     0.078424 Hartree,    2.1340 eV
