 Note: the E(HOMO) of TCE used for evaluating nucleophilicity index is the value evaluated at B3LYP/6-31G* level
 
 Hirshfeld charges, condensed Fukui functions and condensed dual descriptors
 Units used below are "e" (elementary charge)
     Atom     q(N)    q(N+1)   q(N-1)     f-       f+       f0      CDD
     1(C )   0.0076   0.0012   0.0134   0.0059   0.0064   0.0061   0.0005
     2(O )  -0.1470  -0.1572  -0.1354   0.0116   0.0102   0.0109  -0.0014
     3(C )   0.0656   0.0475   0.0830   0.0174   0.0181   0.0178   0.0008
     4(C )  -0.0751  -0.1052  -0.0477   0.0275   0.0301   0.0288   0.0026
     5(C )  -0.0598  -0.0804  -0.0458   0.0140   0.0206   0.0173   0.0066
     6(C )   0.0097   0.0045   0.0190   0.0093   0.0052   0.0073  -0.0041
     7(N )  -0.0754  -0.0868  -0.0671   0.0083   0.0114   0.0099   0.0031
     8(C )   0.1368   0.1358   0.1223  -0.0145   0.0010  -0.0067   0.0155
     9(N )  -0.2071  -0.2292  -0.1875   0.0196   0.0221   0.0209   0.0025
    10(C )   0.0170   0.0146   0.0208   0.0039   0.0023   0.0031  -0.0015
    11(C )  -0.0618  -0.0819  -0.0494   0.0123   0.0202   0.0162   0.0078
    12(N )  -0.0224  -0.0669   0.0453   0.0677   0.0446   0.0561  -0.0232
    13(C )   0.0065  -0.0882   0.0936   0.0871   0.0947   0.0909   0.0076
    14(C )   0.1822   0.1285   0.2222   0.0400   0.0537   0.0469   0.0136
    15(O )  -0.1987  -0.2310  -0.1691   0.0297   0.0322   0.0309   0.0026
    16(O )  -0.2886  -0.3761  -0.2109   0.0778   0.0874   0.0826   0.0096
    17(C )   0.0022  -0.0208   0.0293   0.0271   0.0230   0.0250  -0.0041
    18(C )  -0.0845  -0.0956  -0.0717   0.0127   0.0111   0.0119  -0.0016
    19(C )   0.0520  -0.0327   0.1354   0.0834   0.0847   0.0840   0.0013
    20(O )  -0.1534  -0.1802  -0.1200   0.0334   0.0268   0.0301  -0.0065
    21(C )   0.0072  -0.0100   0.0238   0.0166   0.0171   0.0169   0.0005
    22(C )  -0.0227  -0.0555   0.0207   0.0434   0.0327   0.0381  -0.0107
    23(C )  -0.0791  -0.0928  -0.0636   0.0155   0.0137   0.0146  -0.0018
    24(C )   0.0006  -0.0455   0.0647   0.0641   0.0461   0.0551  -0.0180
    25(H )   0.0479   0.0370   0.0581   0.0102   0.0109   0.0105   0.0007
    26(H )   0.0339   0.0281   0.0395   0.0055   0.0059   0.0057   0.0003
    27(H )   0.0340   0.0277   0.0398   0.0058   0.0063   0.0061   0.0004
    28(H )   0.0389   0.0221   0.0541   0.0152   0.0168   0.0160   0.0016
    29(H )   0.0464   0.0320   0.0586   0.0122   0.0145   0.0133   0.0023
    30(H )   0.1521   0.1431   0.1590   0.0070   0.0090   0.0080   0.0020
    31(H )   0.0562   0.0438   0.0664   0.0101   0.0125   0.0113   0.0024
    32(H )   0.1877   0.1609   0.2118   0.0241   0.0267   0.0254   0.0026
    33(H )   0.0426   0.0267   0.0608   0.0182   0.0160   0.0171  -0.0022
    34(H )   0.0300   0.0115   0.0482   0.0181   0.0186   0.0183   0.0005
    35(H )   0.0407   0.0265   0.0572   0.0165   0.0142   0.0153  -0.0024
    36(H )   0.0456   0.0204   0.0697   0.0241   0.0252   0.0246   0.0011
    37(H )   0.0349   0.0241   0.0463   0.0114   0.0108   0.0111  -0.0006
    38(H )   0.0323   0.0194   0.0447   0.0124   0.0129   0.0127   0.0005
    39(H )   0.0373   0.0191   0.0577   0.0204   0.0182   0.0193  -0.0022
    40(H )   0.0367   0.0191   0.0556   0.0189   0.0176   0.0182  -0.0013
    41(H )   0.0422   0.0231   0.0640   0.0218   0.0191   0.0204  -0.0027
    42(H )   0.0488   0.0192   0.0832   0.0343   0.0296   0.0320  -0.0047
 
 Condensed local electrophilicity/nucleophilicity index (e*eV)
     Atom              Electrophilicity          Nucleophilicity
     1(C )                  0.00537                  0.02469
     2(O )                  0.00859                  0.04873
     3(C )                  0.01534                  0.07317
     4(C )                  0.02545                  0.11568
     5(C )                  0.01741                  0.05885
     6(C )                  0.00441                  0.03933
     7(N )                  0.00966                  0.03509
     8(C )                  0.00084                 -0.06102
     9(N )                  0.01869                  0.08255
    10(C )                  0.00199                  0.01632
    11(C )                  0.01704                  0.05194
    12(N )                  0.03768                  0.28505
    13(C )                  0.08007                  0.36654
    14(C )                  0.04537                  0.16853
    15(O )                  0.02724                  0.12484
    16(O )                  0.07391                  0.32737
    17(C )                  0.01946                  0.11399
    18(C )                  0.00938                  0.05364
    19(C )                  0.07158                  0.35091
    20(O )                  0.02268                  0.14041
    21(C )                  0.01450                  0.06993
    22(C )                  0.02768                  0.18278
    23(C )                  0.01156                  0.06515
    24(C )                  0.03899                  0.26975
    25(H )                  0.00922                  0.04282
    26(H )                  0.00496                  0.02332
    27(H )                  0.00530                  0.02455
    28(H )                  0.01422                  0.06407
    29(H )                  0.01222                  0.05135
    30(H )                  0.00758                  0.02928
    31(H )                  0.01054                  0.04260
    32(H )                  0.02260                  0.10158
    33(H )                  0.01349                  0.07641
    34(H )                  0.01569                  0.07619
    35(H )                  0.01197                  0.06954
    36(H )                  0.02127                  0.10142
    37(H )                  0.00916                  0.04804
    38(H )                  0.01090                  0.05227
    39(H )                  0.01536                  0.08581
    40(H )                  0.01488                  0.07938
    41(H )                  0.01610                  0.09163
    42(H )                  0.02503                  0.14453
 
 Condensed local softnesses (Hartree*e) and relative electrophilicity/nucleophilicity (dimensionless)
     Atom         s-          s+          s0        s+/s-       s-/s+
     1(C )      0.0309      0.0335      0.0322      1.0839      0.9226
     2(O )      0.0611      0.0536      0.0573      0.8773      1.1398
     3(C )      0.0917      0.0957      0.0937      1.0436      0.9582
     4(C )      0.1449      0.1588      0.1519      1.0953      0.9130
     5(C )      0.0737      0.1086      0.0912      1.4728      0.6790
     6(C )      0.0493      0.0275      0.0384      0.5580      1.7922
     7(N )      0.0440      0.0603      0.0521      1.3711      0.7294
     8(C )     -0.0765      0.0053     -0.0356     -0.0689    -14.5192
     9(N )      0.1034      0.1166      0.1100      1.1273      0.8871
    10(C )      0.0204      0.0124      0.0164      0.6060      1.6501
    11(C )      0.0651      0.1063      0.0857      1.6331      0.6123
    12(N )      0.3572      0.2350      0.2961      0.6580      1.5197
    13(C )      0.4593      0.4995      0.4794      1.0876      0.9195
    14(C )      0.2112      0.2830      0.2471      1.3402      0.7461
    15(O )      0.1564      0.1700      0.1632      1.0865      0.9204
    16(O )      0.4102      0.4611      0.4356      1.1240      0.8897
    17(C )      0.1428      0.1214      0.1321      0.8498      1.1767
    18(C )      0.0672      0.0585      0.0629      0.8705      1.1487
    19(C )      0.4397      0.4466      0.4431      1.0156      0.9846
    20(O )      0.1759      0.1415      0.1587      0.8043      1.2433
    21(C )      0.0876      0.0904      0.0890      1.0322      0.9688
    22(C )      0.2290      0.1727      0.2009      0.7541      1.3262
    23(C )      0.0816      0.0721      0.0769      0.8838      1.1315
    24(C )      0.3380      0.2432      0.2906      0.7196      1.3898
    25(H )      0.0537      0.0575      0.0556      1.0722      0.9326
    26(H )      0.0292      0.0309      0.0301      1.0585      0.9448
    27(H )      0.0308      0.0331      0.0319      1.0756      0.9297
    28(H )      0.0803      0.0887      0.0845      1.1049      0.9051
    29(H )      0.0643      0.0762      0.0703      1.1848      0.8440
    30(H )      0.0367      0.0473      0.0420      1.2888      0.7759
    31(H )      0.0534      0.0658      0.0596      1.2325      0.8114
    32(H )      0.1273      0.1410      0.1341      1.1076      0.9029
    33(H )      0.0957      0.0842      0.0900      0.8791      1.1375
    34(H )      0.0955      0.0979      0.0967      1.0254      0.9753
    35(H )      0.0871      0.0747      0.0809      0.8570      1.1669
    36(H )      0.1271      0.1327      0.1299      1.0440      0.9579
    37(H )      0.0602      0.0572      0.0587      0.9496      1.0531
    38(H )      0.0655      0.0680      0.0667      1.0379      0.9635
    39(H )      0.1075      0.0958      0.1017      0.8914      1.1218
    40(H )      0.0995      0.0928      0.0962      0.9335      1.0713
    41(H )      0.1148      0.1005      0.1076      0.8751      1.1428
    42(H )      0.1811      0.1562      0.1686      0.8624      1.1596
 
 E(N):    -1123.303927 Hartree
 E(N+1):  -1123.317663 Hartree
 E(N-1):  -1123.100578 Hartree
 E_HOMO(N):     -0.180524 Hartree,   -4.9123 eV
 E_HOMO(N+1):    0.007246 Hartree,    0.1972 eV
 E_HOMO(N-1):   -0.359234 Hartree,   -9.7753 eV
 Vertical IP:    0.203349 Hartree,    5.5334 eV
 Vertical EA:    0.013736 Hartree,    0.3738 eV
 Mulliken electronegativity:     0.108542 Hartree,    2.9536 eV
 Chemical potential:            -0.108542 Hartree,   -2.9536 eV
 Hardness (=fundamental gap):    0.189612 Hartree,    5.1596 eV
 Softness:    5.273916 Hartree^-1,    0.1938 eV^-1
 Electrophilicity index:    0.031067 Hartree,    0.8454 eV
 Nucleophilicity index:     0.154674 Hartree,    4.2089 eV
